633003
633054
633169
633369
633502
633536
633641
633784
633861
633953
633798
633779
633845
633905
633970
634023
634055
634123
634157
634198
634245
634341
634267
634324
634379
634439
634528
634635
634748
634853
634927
634991
635070
635174
635264
635354
635417
635506
635582
635660
635731
635804
635843
635886
635928
635979
636025
636068
636100
636174
636236
636421
636540
636654
636791
636955
637040
637153
637314
637479
637615
637699
637777
637846
637900
637962
638017
638063
638100
638166
637944
637988
638023
638079
638192
638287
638396
638479
638552
638658
638743
638854
638947
639026
639113
639206
639248
639314
639394
639446
639478
639501
639523
639546
639583
639614
639643
639665
639695
639721
639784
639847
639870
639892
639938
639981
640018
640052
640082
640117
640167
640214
640238
640270
640298
640332
640346
640382
640412
640430
640455
640484
640508
640543
640581
640639
640697
640374
640398
640425
640492
640548
640487
640475
640514
640565
640324
640328
640320
640332
640336
640324
640349
640386
640423
640475
640545
640748
640989
641082
641175
641264
641365
641332
641391
641443
641527
641542
641576
641437
641520
641587
641617
641653
641679
641740
641729
641791
641852
641898
641968
642171
642357
642490
642589
642699
642764
642891
642986
643002
643055
643075
643153
643238
643315
643381
643424
643464
643500
643541
643444
643460
643502
643563
643628
643745
643850
643920
644001
644111
644278
644482
644601
644683
644758
644823
644892
644957
645031
645128
645190
645217
645252
645279
645064
645099
645163
645239
645377
645479
645591
645667
645751
645885
646008
646131
646227
646316
646375
646442
646524
646582
646635
646677
646742
646787
646834
646882
646888
646918
646953
647013
647129
647211
647336
647423
647511
647604
647670
647794
647867
647949
648006
648050
648120
648178
648231
648277
648319
648350
648386
648398
648421
648445
648463
648492
648518
648547
648597
648632
648651
648687
648721
648761
648802
648852
648891
648931
648965
649002
649027
649056
649083
649110
649138
649172
649196
649220
649250
649269
649300
649338
649378
649444
649059
649037
649059
649100
649141
649169
649096
649137
649167
649189
649223
649253
649291
649320
649350
649391
649440
649482
649529
649599
649670
649754
649818
649907
650002
649832
649916
649989
650065
650108
650195
650268
650362
650436
650454
650542
650592
650629
650659
650690
650716
650763
650790
650853
650955
651062
651199
651298
651388
651509
651395
651462
651548
651688
651709
651815
651971
652053
652129
652190
652251
652294
652306
652350
652404
652463
652531
652610
652750
652835
652932
653039
653114
653207
653279
653397
653494
653595
653659
653721
653791
653855
653948
654003
654061
654086
654130
654169
654208
654233
654291
654343
654407
654488
654644
654709
654790
654886
655060
655162
655253
655350
655418
655526
655631
655724
655808
655856
655890
655923
655944
656002
656087
656126
656169
656226
656315
656378
656497
656577
656643
656717
656784
656861
656937
657011
657100
657162
657218
657283
657359
657432
657441
657478
657508
657539
657570
657604
657632
657669
657705
657735
657766
657821
657938
657347
657370
657389
657429
657456
657422
657445
657470
657503
657530
657552
657588
657607
657627
657645
657671
657685
657700
657721
657743
657786
657813
657837
657884
657675
657711
657702
657796
657923
657950
657980
658030
658063
658091
658119
658156
658177
658208
658249
658285
658322
658370
658450
658520
658602
658703
658794
658873
658735
658833
658919
659003
659092
659093
659005
659101
659171
659245
659297
659327
659369
659419
659452
659508
659540
659627
659731
659795
659897
660013
660097
660182
660301
660444
660452
660505
660524
660605
660706
660784
660647
660709
660761
660789
660829
660881
660953
660982
661069
661133
661244
661330
661459
661568
661662
661769
661869
662048
662165
662199
662277
662319
662402
662296
662354
662407
662442
662478
662524
662568
662616
662660
662705
662760
662844
662928
663023
663121
663216
663301
663387
663493
663567
663641
663730
663786
663865
663943
664010
664061
664109
664128
664162
664230
664279
664348
664396
664474
664529
664591
664714
664792
664870
664927
665009
665104
665166
665188
665205
665260
665302
665296
665329
665367
665423
665450
665477
665508
665536
665558
665572
665590
665623
665655
665692
665728
665754
665788
665831
665863
665904
665935
665972
666009
666049
666087
666104
666132
666159
666163
666187
666216
666242
666250
666269
666259
666287
666337
666361
666396
666427
666469
666525
666562
666586
666616
666639
666681
666724
666759
666795
666821
666847
666886
666926
666950
666986
667015
667048
667103
667162
667215
667290
667383
667464
667688
667437
667536
667638
667699
667760
667832
667832
667911
668002
668068
668140
668177
668219
668321
668375
668420
668483
668567
668648
668723
668816
668894
669027
669135
669294
669445
669535
669640
669771
669876
669936
670010
670129
670197
670250
670283
670335
670403
670296
670345
670389
670431
670509
670608
670704
670803
670876
670976
671078
671155
671263
671333
671492
671581
671664
671745
671861
671964
671992
672030
672052
672100
672126
672196
672227
672297
672410
672499
672625
672746
672810
672887
672981
673122
673214
673275
673333
673415
673502
673616
673711
673797
673869
673903
673951
674006
674061
674109
674172
674180
674247
674325
674857
674923
674957
675036
675094
675169
675218
675288
675318
675341
675365
675390
675451
675486
675517
675552
675592
675637
675659
675708
675750
675784
675861
675904
675955
675986
676014
676048
676062
676097
676138
676161
676184
676218
676236
676259
676289
676307
676324
676341
676377
676448
676489
676527
676580
676647
676108
676101
676141
676191
676234
676271
676268
676255
676278
676321
676353
676372
676403
676431
676465
676489
676516
676578
676641
676697
676763
676864
676948
677037
677122
677214
676833
676851
676881
676920
676985
677038
677092
677143
677190
677228
677271
677305
677332
677359
677400
677474
677553
677651
677765
677858
677942
678018
678102
678213
678290
678357
678411
678466
678523
678570
678617
678648
678678
678695
678719
678772
678801
678839
678874
678951
679033
679112
679229
679310
679397
679539
679627
679751
679844
679907
680011
680089
680143
680205
680278
680340
680386
680405
680437
680479
680579
680616
680652
680720
680780
680921
681016
681104
681184
681282
681387
681496
681575
681646
681718
681772
681835
681885
681960
682026
682053
682088
682125
682163
682224
682263
682298
682371
682440
682532
682652
682771
682855
682945
683025
683119
683204
683297
683352
683433
683568
683646
683685
683735
683778
683814
683840
683865
683901
683922
683946
683958
683994
684021
684075
684130
684174
684213
684245
684275
684325
684360
684391
684441
684483
684528
684548
684568
684599
684622
684639
684679
684700
684730
684761
684792
684837
684884
684930
684971
685025
685065
685102
685133
685174
685215
685255
685294
685348
685386
685424
685456
685495
685520
685541
685588
685634
685675
685713
685740
685834
685915
686050
686165
686283
686358
686440
686575
685699
685734
685807
685873
685939
686020
686090
686147
686189
686220
686267
686310
686357
686397
686453
686543
686604
686695
686808
686920
687021
687119
687194
687279
687393
687481
687575
687643
687716
687809
687915
687956
0
0
0
0
0
0
0
0
0
0
0
0
0
0
0
0
0
0
0
0
0
0
0
0
0
0
0
0
0
0
0
0
0
0
0
0
0
0
0
0
0
0
0
0
0
0
0
0
0
0
0
0
0
0
0
0
0
0
0
0
0
0
0
0
0
0
0
0
0
0
0
0
0
0
0
0
0
0
0
0
0
0
0
0
0
0
0
0
0
0
0
0
0
0
0
0
0
0
0
0
0
0
0
0
0
0
0
0
0
0
0
0
0
0
0
0
0
0
0
0
0
0
0
0
0
0
0
0
0
0
0
0
0
0
0
0
0
0
0
0
0
0
0
0
0
0
0
0
0
0
0
0
0
0
0
0
0
0
0
0
0
0
0
0
0
0
0
0
0
0
0
0
0
0
0
0
0
0
0
0
0
0
0
0
0
0
0
0
0
0
0
0
0
0
0
0
0
0
0
0
0
0
0
0
0
0
0
0
0
0
0
0
0
0
0
0
0
0
0
0
0
0
0
0
0
0
0
0
0
0
0
0
0
0
0
0
0
0
0
0
0
0
0
0
0
0
0
0
0
0
0
0
0
0
0
0
0
0
0
0
0
0
0
0
0
0
0
0
0
0
0
0
0
0
0
0
0
0
0
0
0
0
0
0
0
0
0
0
0
0
0
0
0
0
0
0
0
0
0
0
0
0
0
0
0
0
0
0
0
0
0
0
0
0
0
0
0
0
0
0
0
0
0
0
0
0
0
0
0
0
0
0
0
0
0
0
